Case 1:
Iteration	x1		x2		x3		Error

1		2.617	-2.757	7.140	7.140e+000
2		3.001	-2.489	7.006	3.841e-001
3		3.001	-2.500	7.000	1.121e-002
4		3.000	-2.500	7.000	7.839e-004
5		3.000	-2.500	7.000	2.385e-005
6		3.000	-2.500	7.000	1.266e-006

Converged in 6 iterations.
Solution:
x1 = 3.000
x2 = -2.500
x3 = 7.000

Case 2:
Iteration	x1		x2		x3		Error

1		0.500	-1.200	-1.000	1.200e+000
2		1.050	-0.900	-0.525	5.500e-001
3		0.856	-1.200	-0.812	3.000e-001
4		1.003	-1.046	-0.614	1.984e-001
5		0.915	-1.155	-0.728	1.136e-001
6		0.971	-1.092	-0.651	7.639e-002
7		0.936	-1.134	-0.697	4.542e-002
8		0.958	-1.108	-0.667	2.955e-002
9		0.944	-1.125	-0.685	1.801e-002
10		0.952	-1.115	-0.674	1.151e-002
11		0.947	-1.121	-0.681	7.107e-003
12		0.950	-1.117	-0.676	4.496e-003
13		0.948	-1.120	-0.679	2.796e-003
14		0.950	-1.118	-0.677	1.760e-003
15		0.949	-1.119	-0.678	1.099e-003
16		0.949	-1.118	-0.678	6.899e-004
17		0.949	-1.119	-0.678	4.313e-004
18		0.949	-1.119	-0.678	2.705e-004
19		0.949	-1.119	-0.678	1.693e-004
20		0.949	-1.119	-0.678	1.061e-004
21		0.949	-1.119	-0.678	6.643e-005

Converged in 21 iterations.
Solution:
x1 = 0.949
x2 = -1.119
x3 = -0.678

