Case 1:
Forward Difference Table:
         1    2.7183    0.6018    0.1333    0.0294    0.0067    0.0013    0.0001
    1.2000    3.3201    0.7351    0.1627    0.0361    0.0080    0.0014
    1.4000    4.0552    0.8978    0.1988    0.0441    0.0094
    1.6000    4.9530    1.0966    0.2429    0.0535
    1.8000    6.0496    1.3395    0.2964
    2.0000    7.3891    1.6359
    2.2000    9.0250

For x = 1.2000:
Derivative Order: 1
Result: 3.320


Case 2:
Forward Difference Table:
     0.000    0.0000    1.0000    6.0000    6.0000    0.0000
    1.0000    1.0000    7.0000   12.0000    6.0000
    2.0000    8.0000   19.0000   18.0000
    3.0000   27.0000   37.0000
    4.0000   64.0000

For x = 2.0000:
Derivative Order: 2
Result: 12.000


